11111111111111111111111111111111111111111111111111111111111111111111111111111111111111111111111111111111111111111111111111111111
11111111111111111111111111111111111111111111111111111111111111111111111111111111111111111111111111111111111111111111111111111111
11111111111111111111111111111111111111111111111111111111111111111111111111111111111111111111111111111111111111111111111111111111
11100000000000000000000000000000000000000000000000000000000000000000000000000000000000000000000000000000000000000000000000001111
11100000000000000000000000000000000000000000000000000000000000000000000000000000000000000000000000000000000000000000000000001111
11100000000000000000000000000000000000000000000000000000000000000000000000000000000000000000000000000000000000000000000000001111
11100000000000000000000000000000000000000000000000000000000000000000000000000000000000000000000000000000000000000000000000001111
11100000000000000000000000000000000000000000000000000000000000000000000000000000000000000000000000000000000000000000000000001111
11100000000000000000000000000000000000000000000000000000000000000000000000000000000000000000000000000000000000000000000000001111
11100000000000000000000000000000000000000000000000000000000000000000000000000000000000000000000000000000000000000000000000001111
11100000000000000000000000000000000000000000000000000000000000000000000000000000000000000000000000000000000000000000000000001111
11100000000000000000000000000000000000000000000000000000000000000000000000000000000000000000000000000000000000000000000000001111
11100000000000000000000000000000000000000000000000000000000000000000000000000000000000000000000000000000000000000000000000001111
11100000000000000000000000000000000000000000000000000000000000000000000000000000000000000000000000000000000000000000000000001111
11100000000000000000000000000000000000000000000000000000000000000000000000000000000000000000000000000000000000000000000000001111
11100000000000000000000000000000000000000000000000000000000000000000000000000000000000000000000000000000000000000000000000001111
11100000000000000000000000000000000000000000000000000000000000000000000000000000000000000000000000000000000000000000000000001111
11100000000000000000000000000000000000000000000000000000000000000000000000000000000000000000000000000000000000000000000000001111
11100000000000000000000000000000000000000000000000000000000000000000000000000000000000000000000000000000000000000000000000001111
11100000000000000000000000000000000000000000000000000000000000000000000000000000000000000000000000000000000000000000000000001111
11100000000000000000000000000000000000000000000000000000000000000000000000000000000000000000000000000000000000000000000000001111
11100000000000000000000000000000000000000000000000000000000000000000000000000000000000000000000000000000000000000000000000001111
11100000000000000000000000000000000000000000000000000000000000000000000000000000000000000000000000000000000000000000000000001111
11100000000000000000000000000000000000000000000000000000000000000000000000000000000000000000000000000000000000000000000000001111
11100000000000000000000000000000000000000000000000000000000000000000000000000000000000000000000000000000000000000000000000001111
11100000000000000000000000000000000000000000000000000000000000000000000000000000000000000000000000000000000000000000000000001111
11100000000000000000000000000000000000000000000000000000000000000000000000000000000000000000000000000000000000000000000000001111
11100000000000000000000000000000000000000000000000000000000000000000000000000000000000000000000000000000000000000000000000001111
11100000000000000000000000000000000000000000000000000000000000000000000000000000000000000000000000000000000000000000000000001111
11100000000000000000000000000000000000000000000000000000000000000000000000000000000000000000000000000000000000000000000000001111
11100000000000000000000000000000000000000000000000000000000000000000000000000000000000000000000000000000000000000000000000001111
11100000000000000000000000000000000000000000000000000000000000000000000000000000000000000000000000000000000000000000000000001111
11100000000000000000000000000000000000000000000000000000000000000000000000000000000000000000000000000000000000000000000000001111
11100000000000000000000000000000000000000000000000000000000000000000000000000000000000000000000000000000000000000000000000001111
11100000000000000000000000000000000000000000000000000000000000000000000000000000000000000000000000000000000000000000000000001111
11100000000000000000000000000000000000000000000000000000000000000000000000000000000000000000000000000000000000000000000000001111
11100000000000000000000000000000000000000000000000000000000000000000000000000000000000000000000000000000000000000000000000001111
11100000000000000000000000000000000000000000000000000000000000000000000000000000000000000000000000000000000000000000000000001111
11100000000000000000000000000000000000000000000000000000000000000000000000000000000000000000000000000000000000000000000000001111
11100000000000000000000000000000000000000000000000000000000000000000000000000000000000000000000000000000000000000000000000001111
11100000000000000000000000000000000000000000000000000000000000000000000000000000000000000000000000000000000000000000000000001111
11100000000000000000000000000000000000000000000000000000000000000000000000000000000000000000000000000000000000000000000000001111
11100000000000000000000000000000000000000000000000000000000000000000000000000000000000000000000000000000000000000000000000001111
11100000000000000000000000000000000000000000000000000000000000000000000000000000000000000000000000000000000000000000000000001111
11100000000000000000000000000000000000000000000000000000000000000000000000000000000000000000000000000000000000000000000000001111
11100000000000000000000000000000000000000000000000000000000000000000000000000000000000000000000000000000000000000000000000001111
11100000000000000000000000000000000000000000000000000000000000000000000000000000000000000000000000000000000000000000000000001111
11100000000000000000000000000000000000000000000000000000000000000000000000000000000000000000000000000000000000000000000000001111
11100000000000000000000000000000000000000000000000000000000000000000000000000000000000000000000000000000000000000000000000001111
11100000000000000000000000000000000000000000000000000000000000000000000000000000000000000000000000000000000000000000000000001111
11100000000000000000000000000000000000000000000000000000000000000000000000000000000000000000000000000000000000000000000000001111
11100000000000000000000000000000000000000000000000000000000000000000000000000000000000000000000000000000000000000000000000001111
11100000000000000000000000000000000000000000000000000000000000000000000000000000000000000000000000000000000000000000000000001111
11100000000000000000000000000000000000000000000000000000000000000000000000000000000000000000000000000000000000000000000000001111
11100000000000000000000000000000000000000000000000000000000000000000000000000000000000000000000000000000000000000000000000001111
11100000000000000000000000000000000000000000000000000000000000000000000000000000000000000000000000000000000000000000000000001111
11100000000000000000000000000000000000000000000000000000000000000000000000000000000000000000000000000000000000000000000000001111
11111111111111111111111111111111111111111111111111111111111111111111111111111111111111111111111111111111111111111111111111111111
11111111111111111111111111111111111111111111111111111111111111111111111111111111111111111111111111111111111111111111111111111111
11111111111111111111111111111111111111111111111111111111111111111111111111111111111111111111111111111111111111111111111111111111